Shipment ID,Shop,4,53,68,70,72,74,91,97,107,110,120,138,177,179,199,207,232,237,247,270,292,318,324,333,340,366,387,393,401,406,411,419,420,428,433,444,446,472,495,499,508,528,530,531,566,571,573,590,603,604,619,626,627,644,646,672,684,705,724,730,747,778,806,841,849,850,859,861,875,884,912,923,939,947,968,976,986,1012,1016,1052,1057,1073,1080,1082,1099,1117,1131,1160,1171,1176,1177,1180,1189,1202,1209,1213,1218,1229,1237,1240,1246,1256
Shop,0.0,15.856900276505584,13.41154947747033,10.296976403901244,14.535283184299429,16.197100294114673,14.576373520174602,13.223546103164669,7.385749144636103,13.81941365067625,15.049720316170468,11.945772916598402,10.057171240531781,9.56184505535356,14.668518891082412,9.014013245506744,9.59063557708904,6.753405104125446,13.32400629657575,7.374864123551525,5.9896519558478705,13.218364924718232,10.869027144894897,12.249661099353753,2.1901954897744447,7.460263357130606,8.860636734940421,15.528990242838582,10.870191331114688,11.857775096711913,13.58619934287603,12.505617939408731,9.07613172708573,11.945772916598402,13.052241793282265,10.895536923974396,8.454855988883846,11.552570777385098,12.943068622959315,15.520968423107039,10.94366113898176,9.416592052379348,9.545337020609209,7.241176051862343,12.71468913493488,15.788874505129124,7.764478124432045,7.812476170912297,15.848791519062011,14.587541204037265,6.97287892559273,10.243037560562144,13.066148783639552,5.591984883401283,11.945772916598402,2.0652352709065185,12.901012328355224,1.4767387417089992,10.227587384701371,11.945772916598402,13.621424665939827,8.192469348995255,5.5638307988661,14.828373014574096,15.372743681216928,8.115339185870013,13.619052482961237,4.496020067964857,12.216739648870957,10.817799594102006,14.690110460174804,8.73712970162819,10.736760230039417,15.500083092675526,13.776225894818431,7.992894481465063,10.383390485591349,10.504966369611557,11.890433954677398,12.025207155752279,10.878915287459815,7.242876335647607,1.7622275876055287,12.429514762234705,13.59440460177853,8.466761571169359,11.411444850163218,15.77739314050455,14.081232064241524,7.78618480192106,7.040728306531871,15.876138656240116,8.58649502927483,11.171125435636482,14.950472868362688,14.287753298074104,7.512434253388076,7.985260006570143,14.977498852768132,12.250583359832719,7.363231155344957,13.288634067764976,14.837536501432805
4,15.856900276505584,0.0,2.8270415048154423,6.010605921758058,2.2397949015081453,0.3943407495441285,2.18305800412332,2.7139931194656857,10.034011806302424,2.041574718104661,1.103719593323302,4.009733417898929,6.928801677073456,7.239808541345908,1.3398041970475645,7.042073291909482,7.0767945053394055,9.106167371804602,2.67050905412011,9.79785993322227,11.377545482828893,2.641551654437307,5.451805735322782,3.66351519427992,17.43608345506514,8.508624036658025,7.6418149281531464,0.6923123618815923,5.038341674747057,4.005718992245984,2.2823615226908607,3.354533901534336,7.9280043255362695,4.009733417898929,2.9920002624827586,5.025129926193841,8.876994615330197,4.333663849561162,3.0767125804919964,1.9469991442261254,5.036245666900061,6.444113367918791,6.771726210370747,9.804124837332504,3.5568602685778634,0.4489034304871704,9.041750197909419,8.189686174317075,0.4234816935362903,1.3346350159006064,9.006121567384028,5.810812880015927,3.148018111051039,11.614615469479142,4.009733417898929,16.594807478720927,3.272602945740354,16.823684075349554,5.988796468867752,4.009733417898929,2.256062507324291,8.533887616678788,11.3507504348459,1.2459448404188893,1.552764091180843,8.538083755148861,2.9081452022626624,12.455378704825923,3.7701543158207937,5.087128616902961,2.646170438928868,8.39336411148784,5.754248580184622,0.5299626808545079,2.1010657924141207,8.016084325566096,5.623075229903003,5.3541925655651275,4.019113601779245,4.032911092753911,5.377055808374663,10.03811586001592,17.44632272172938,3.4378568982139712,2.3990523457857367,7.644243980035746,4.467270210922559,1.113578690798086,1.8074902432859246,8.303393572912405,9.028953187016691,0.3669295218272103,8.336257836835859,5.00227065399313,1.3681292863799068,1.5939449262733552,8.600882071160123,8.774421875655946,1.0365912503687829,3.740192377495886,8.649873604665832,2.633519995660398,2.2818945609862484
53,13.41154947747033,2.8270415048154423,0.0,4.491503961323561,1.1644667273940847,3.220812212676203,1.1948718514428582,0.7170197679217952,8.417733152766626,1.4994708750792325,2.6422128552078825,2.5139872849781493,5.692548627241445,5.82734468535565,2.3053058438288905,5.105911330414148,5.614836041196177,6.753080432527618,0.5297974962266156,8.131104025807762,9.567427797727248,1.4242818938447022,4.080773186598834,1.3357327051306827,15.133709764494503,6.357117468791863,5.977296650646865,2.2792663538923454,3.1345907513173357,1.8562801365287918,1.1151711245296103,1.443751598948075,6.490941719818111,2.5139872849781493,0.487148682977979,3.1578939682072202,7.414018484901633,2.5009673232427385,2.2378435967757504,2.140049347329761,3.3019177087400258,4.200084034450177,5.115039506834141,8.09076711788907,2.884503632648592,2.995833722331959,7.334843451680954,6.093333464419584,3.03406334987696,2.0994904198723154,6.835800268528071,4.045999426284288,0.34928328978503864,9.734810845504825,2.5139872849781493,14.346978476901349,2.6184308903173,14.484674348587175,4.383498336953742,2.5139872849781493,1.056468028783342,6.86062618366305,9.418380130685607,1.5917735398021307,1.9616018041145078,6.828179050237289,0.4452633478768266,10.428500074992437,1.2430224627467668,3.163937435903949,1.5191306206658002,6.930716838077494,4.463688087332585,2.732754411171373,1.6317021981229756,5.435119614235597,3.8207451398853634,3.1830239309162156,2.374790875468879,2.7626618539274364,3.9558264866844874,8.375146470648668,15.066485320441327,1.408446584453136,2.054060007556724,5.696518554408206,2.566529129718765,2.398405208297877,1.2256742393380302,6.276213934024749,6.9315838736018325,3.026148706984938,6.787850361854064,3.583361188983686,2.782364795265533,1.3979330548440678,6.567552507361968,7.083114164958861,2.4487450474677437,1.2083675970064354,6.532129877396705,1.8376738543021407,1.51314257687132
68,10.296976403901244,6.010605921758058,4.491503961323561,0.0,5.5828195563968235,6.278900840161833,5.595314729535774,3.9225696131313965,4.043859321698766,4.064593097274138,5.021199772981268,2.0822373014252458,1.267551226684562,1.336023918002821,4.690192305531121,1.3388472117942731,1.1279447570841115,3.779050250629306,4.104181615679517,3.7938150785597515,5.367972166547294,3.5311845035221716,0.5840120784399907,3.187967583154623,11.641647163985194,2.8735835770828673,1.6319180434517704,5.9101367216760545,1.4322478182243494,2.6641223371735516,4.0128036044889415,3.0798139815918635,2.0085036104184786,2.0822373014252458,4.00513512988238,1.3873102088794143,2.9492229509618997,1.9906949020444076,2.9346752453873615,6.456509162209072,1.1971777252084086,1.8104326876267214,0.779471500404711,3.7943403749755467,2.518017078963537,5.818604882927719,3.0311839334613526,2.5113901450339164,5.881978195215057,4.676041737528726,3.3398805412721075,0.6305317565267637,4.261640047654653,5.614261646488003,2.0822373014252458,10.754007285715922,2.765118723250841,11.081150876671426,0.20019573320555,2.0822373014252458,4.0772010913194245,2.523808353519906,5.3678882066792815,5.312061519065617,6.126062980773526,2.528030054286801,4.900580591658239,6.502867090125141,3.3874018220724293,1.424372112791395,6.007428294669119,2.460575625126432,0.5000959820909732,5.554073676735112,3.9613623971631067,3.6763052710620476,0.8161439084648375,1.7462481834447954,2.158798582433344,1.9852137741285278,0.6350396075980618,4.035992376352328,11.749360902704943,3.0905153008799453,3.6115719507174484,1.8326238808427653,1.9359805613780077,6.330135682272507,4.493382909895189,2.5109407690186165,3.2566141267419657,5.92367346935322,2.3551468937940823,1.01059334206224,4.857690834450686,4.6529014319825475,2.7866522788027392,2.7639764961676603,5.007034663761861,3.415694009374142,2.943400689239796,3.4032785637981293,5.948308338842155
70,14.535283184299429,2.2397949015081453,1.1644667273940847,5.5828195563968235,0.0,2.6143133110639316,0.058096695123496675,1.6636951367556292,9.552472516028338,1.9478631813098422,2.5333836166432007,3.5397600682402595,6.747219062803292,6.916753035503154,2.3340158524730814,6.2597111926337075,6.710575966084278,7.905198702918034,1.4787111313848222,9.270604306332823,10.722873324482824,2.207469830534263,5.134849908060745,2.485922581943678,16.28042336028503,7.5215033519044185,7.106691156085037,1.5630033274344441,4.266598722517938,2.9959498692228568,1.735985787996585,2.5030057583402994,7.590510221670793,3.5397600682402595,1.616671040664967,4.284807462578234,8.523853195788679,3.6047785081229313,3.0290613297172566,0.986813101551449,4.409570372394218,5.364444935124828,6.236576037543571,9.23500932781992,3.6897727483419245,2.556743539812025,8.475960713897454,7.257437326284255,2.572895879791655,2.128939307869277,7.999706242513189,5.171417819395797,1.4897988909084627,10.894642816787698,3.5397600682402595,15.500356153357515,3.3912112226824624,15.626856890603394,5.488301107848205,3.5397600682402595,1.6595776037430279,7.995976873594061,10.58030660745439,1.115348606089199,0.9149418717483523,7.967604061682285,0.9219450989776355,11.592924596930148,2.4074586365817447,4.29923836107982,0.5566042748671003,8.037534295716956,5.509058942149193,2.367696937966635,2.1060526989158563,6.545581653141652,4.9486190164262664,4.343878096830667,3.4307599554006702,3.742093315280369,5.017578136674047,9.514989902885397,16.201509126319944,2.498486198896745,2.6116227676394277,6.853402406144262,3.6852895267358985,1.4464033740901185,1.4539487283085792,7.438612787704187,8.095999411792393,2.541909076973748,7.906501262707332,4.634776042019223,2.7656424256502365,1.4697665154366946,7.730514624743622,8.221530675703573,2.324131623179652,2.3728144651477585,7.6965844724276,2.539014520603576,0.36566783700423783
72,16.197100294114673,0.3943407495441285,3.220812212676203,6.278900840161833,2.6143133110639316,0.0,2.5570036282280717,3.091482716878839,10.284190651020875,2.378337969879962,1.2796384134763545,4.3118957595830025,7.155375400090409,7.483554242011534,1.5888774149933877,7.344382899565856,7.327607168277364,9.444151166450467,3.054831512835146,10.055074816447823,11.64629073460168,2.979234440227092,5.712319837395202,4.032056206558238,17.756752542364534,8.826381437472353,7.910695418118734,1.0527158779236654,5.356480457654668,4.358150135024989,2.644063598933704,3.7058783194888396,8.168956475124437,4.3118957595830025,3.378296924511407,5.340206234277623,9.114710300545871,4.656852238051726,3.35533412809361,2.239650616498133,5.339096441984077,6.780870683002659,7.046664997166849,10.06683186894833,3.7941630317570927,0.478419010775035,9.307178823557255,8.50274489602962,0.41660471172016617,1.6252676324299375,9.324202186937999,6.106522395957387,3.540480181772444,11.891133369848285,4.3118957595830025,16.909142371401582,3.521552528290648,17.149537948627195,6.266344729349461,4.3118957595830025,2.6222717197034617,8.798122338268719,11.634312166183674,1.640037436510024,1.8778204249611428,8.806489347821628,3.300905290832008,12.747785531267597,4.147871081668106,5.406352054398416,2.9979857973407826,8.634047470101038,6.001550555814916,0.7248322867009765,2.423338506317489,8.380892513760822,5.924585956225674,5.692136255831975,4.333628933139685,4.313937275492245,5.643972395547142,10.293861334700482,17.777017019100946,3.7940717679121825,2.6759339780301503,7.944035069610665,4.793635697632669,1.3864189371748303,2.181039071228107,8.608435541543104,9.33883906317939,0.36357773017404454,8.587296444185041,5.275324919539102,1.504432053436615,1.966903808578117,8.905307852459865,9.039415094900752,1.271867067210256,4.11842265615911,8.963405980965318,2.9367076432425687,2.633805197670615
74,14.576373520174602,2.18305800412332,1.1948718514428582,5.595314729535774,0.058096695123496675,2.5570036282280717,0.0,1.673805683335994,9.570759957963185,1.928874615570978,2.4879037355809848,3.5472544398463617,6.754999527101811,6.928510158760763,2.294223105460355,6.28295712282032,6.723213627697304,7.9411476812308575,1.4915188243684614,9.28989809686318,10.746271866903186,2.203302963809532,5.143375971062301,2.509916085296908,16.31782944855871,7.551561877732996,7.12432108666553,1.505464075580941,4.285638031045566,3.017314633135529,1.7278394482900206,2.515837813251161,7.603426524404212,3.5472544398463617,1.6400370868412493,4.302988184465485,8.538048210231844,3.6202416415451935,3.0214008853313024,0.9488418890070656,4.424845077881852,5.394623444695567,6.253083430001324,9.255368930076283,3.6811818781813552,2.502185900296091,8.49568919701928,7.285812756305624,2.517870313562468,2.090297158837748,8.030636259104407,5.18891924912494,1.5245748233619345,10.91979302765226,3.5472544398463617,15.536158618350694,3.381392596354864,15.66514818504274,5.5026012976361045,3.5472544398463617,1.65160783638774,8.01457223233071,10.606606479509646,1.0664169976471651,0.8608032985680796,7.987032686871958,0.967852367270527,11.62198076292424,2.437584527213242,4.318840571636295,0.5877828981208789,8.051374361257484,5.516457740509142,2.3152098827324523,2.086882693035816,6.5876778876818625,4.966620378387839,4.370095904741265,3.441221845915462,3.74537936261427,5.026989176628848,9.53433387242703,16.241031383906712,2.5142723062111383,2.59322967160713,6.8775923910684655,3.7026729562954444,1.389813242062792,1.4311853440291944,7.465357151527862,8.125072393792236,2.486488930609514,7.922164624735115,4.643404044766248,2.72251041499954,1.439383008866428,7.757657498119657,8.240714778030844,2.2789078503943636,2.402896521233627,7.725889666513457,2.528373229540234,0.3598710850454323
91,13.223546103164669,2.7139931194656857,0.7170197679217952,3.9225696131313965,1.6636951367556292,3.091482716878839,1.673805683335994,0.0,7.914333966881657,0.9430223777734095,2.2572724727379327,1.878157585468673,5.084370391638919,5.254981675647852,1.875935380816084,4.665734770371983,5.050510857199598,6.5007314554265,0.19821883163336076,7.638813921021705,9.122285112741672,0.7147731334756618,3.4714720158556496,0.9739100391712332,14.87845478021998,6.01038844458312,5.4662707764542064,2.3073212623189567,2.641790749216434,1.4119326037692574,0.5380366089593106,0.8464203370895997,5.931002627763949,1.878157585468673,0.39508688071666187,2.653145549695807,6.8677541776658195,1.957673523626477,1.5208261839868613,2.5482333721978416,2.759711312354823,3.872259327464118,4.590802066866676,7.610600513494314,2.1691298497509908,2.7758092823599068,6.847685034414229,5.7224130238795725,2.8248426932279385,1.6949530774007906,6.500187748216725,3.5326336829387004,0.7511906378057254,9.311222145590273,1.878157585468673,14.06716061821113,1.901412848898611,14.245175072505326,3.833382615982051,1.878157585468673,0.5175388476878955,6.360619071990446,9.00997072418239,1.6048429171440248,2.260663772594106,6.337717060686673,1.157887563931861,10.05557997856904,1.0564453863336605,2.6790577568167095,2.1252930747801386,6.380424979274587,3.8468467046062047,2.489278734822333,1.0380027730766017,5.316879723288343,3.3135856436950726,2.801471731967316,1.767427711150962,2.0960699804583607,3.353883710794354,7.883377262909974,14.847032923461471,0.8624177213041163,1.3867070679432172,5.267467497142617,2.05047459389335,2.5790193174307894,0.9121532022031011,5.880831609530892,6.5675107434301,2.83185723880023,6.255923142311952,2.97136837566655,2.3358348090989933,1.125909025324865,6.176833848591969,6.589775014042844,2.0913979857215264,1.0269519265418012,6.173136727337017,1.1347859186492366,2.0292928178602785
97,7.385749144636103,10.034011806302424,8.417733152766626,4.043859321698766,9.552472516028338,10.284190651020875,9.570759957963185,7.914333966881657,0.0,8.10842567673794,9.011313164701903,6.119558007551897,3.1817157202442505,2.803707228558082,8.701618071208193,3.365565615230269,2.957422740105588,3.422508343400763,8.085144571491773,0.3300039088211143,1.5125784888271863,7.570686154800321,4.58526943171948,7.08258510040559,8.218832421968331,2.772735880224912,2.4480925164684217,9.953721657609362,5.286269066774787,6.562029295001938,8.047560020639724,7.068452820919625,2.1281753017612455,6.119558007551897,7.942051301072836,5.267781800350467,1.2253143930336767,5.956661371061765,6.967566120401574,10.462186391008505,5.156486122310027,4.483954104567564,3.3260776185217473,0.47600340040045064,6.490639714694218,9.815392478439124,1.1014731400256188,2.7835181690975555,9.878916446213465,8.702277015186343,2.6131398772479764,4.3826243974143555,8.14577350860015,1.8717527570355976,6.119558007551897,7.269376414154074,6.764351055951192,7.782555473461111,4.099097901831613,6.119558007551897,8.109808333127827,1.5571173798453535,1.8237840170028898,9.352728964905198,10.15066317422078,1.594654006882681,8.792927433431199,2.9609644735631004,7.220467738345378,5.254872021945129,9.932489454196208,1.6703075736309265,4.282657376956289,9.561428603964295,8.003993949676612,4.87430884254859,4.604171836438597,5.2914270862923205,6.1773251294730045,6.02676874027397,4.66849641346658,0.18712106492304328,8.50429678882909,7.05879422318008,7.638785819578531,2.8375400949616707,5.868502994034144,10.371708716217682,8.53351239607797,2.495844389945899,2.305999129133813,9.924253958589142,1.6977548198792607,5.052521572103141,8.823284818155521,8.695915190926984,2.310149047941287,1.338339906085947,9.015706337674741,7.252978412482959,2.5724190210968385,7.444994242854957,9.914794054898431
107,13.81941365067625,2.041574718104661,1.4994708750792325,4.064593097274138,1.9478631813098422,2.378337969879962,1.928874615570978,0.9430223777734095,8.10842567673794,0.0,1.3588771688834291,2.004720773651595,5.09604947961668,5.349596702411346,0.9625898167010914,5.020956641914959,5.167830725246138,7.067055811924599,1.0346085607355486,7.855969798233384,9.405871921649409,0.6010487324907651,3.535431967132957,1.7231083067235247,15.395708744158068,6.470656917678047,5.681949580536514,1.8461919247056715,3.0028103941494098,1.9885655927067847,0.4078791326199924,1.3378448228796915,6.039509057081389,2.004720773651595,1.33284059878259,2.9926678032794425,6.990637333227289,2.295206815871291,1.1903312132225672,2.5638767935375477,3.0210310147312556,4.404126355391855,4.802888075578609,7.84943580671446,1.815305083349873,1.9900302285860816,7.083549159931268,6.155271095259824,2.046759174050602,0.8112705546617233,6.967804229542658,3.804203613814747,1.6578795252549183,9.627400982341705,2.004720773651595,14.557406916524407,1.5070082329025696,14.78220930733299,4.019609473120992,2.004720773651595,0.44950464865613904,6.580520144310624,9.351456465741958,1.276110928436208,2.1623507899310312,6.57512514791597,1.8640394367990083,10.441370306438838,1.9048557680866318,3.050585070332328,2.497775414534303,6.50197699430423,3.873629859730856,1.6974568188607255,0.15825387033961924,6.027166940644857,3.6072845632709036,3.3146894166490135,1.9911092616971782,2.0849652222921424,3.443036965236961,8.098871397142524,15.404953195092457,1.436930799543155,0.66455201783016,5.625475397593476,2.4268456087739283,2.278686123081246,0.5093535371202363,6.276923715655823,6.996808989673396,2.067711375351394,6.416888384111892,3.0567508381134263,1.4037214187942855,0.6056556211257605,6.574812204411156,6.818263144084623,1.2209849637565626,1.8818222878582713,6.614806859705291,0.6804015483603355,2.2714571558252126
110,15.049720316170468,1.103719593323302,2.6422128552078825,5.021199772981268,2.5333836166432007,1.2796384134763545,2.4879037355809848,2.2572724727379327,9.011313164701903,1.3588771688834291,0.0,3.1108882372274476,5.876386617834342,6.20901086762007,0.4000245307750406,6.126957285909476,6.056397657543052,8.300918054853291,2.2956324455287866,8.785904203635758,10.38417279732591,1.9163457654917404,4.449236008522987,3.080602558960806,16.560581149443514,7.634138743001669,6.651198654297972,1.4218447450047897,4.180250663544801,3.3096216101499776,1.7292931162408478,2.6706367064481635,6.8931049927961086,3.1108882372274476,2.621295821668462,4.157018170348761,7.837615595195432,3.5004582410046745,2.1254890773211716,2.6533368702919637,4.130930673733855,5.6449037082674245,5.793883421122117,8.801092426781182,2.5209999191856247,0.8050235669826017,8.043794642707484,7.3017574863917805,0.8684536435126041,0.5623794257382042,8.131528961458361,4.882475661942448,2.8894804207052225,10.63542804431644,3.1108882372274476,15.701214662110027,2.256692665864708,15.964765394226559,5.017852353574884,3.1108882372274476,1.7400236115577261,7.534210154741632,10.385734368309553,1.4298678954911304,2.201075656620761,7.545769727754444,2.884803859967225,11.50878471505415,3.2615823071815817,4.232313542910871,3.0566880788929787,7.357960474498354,4.7296764751422975,0.5781684317120119,1.3400940596173232,7.347633102846491,4.710876161871564,4.5680993038358775,3.15935081536705,3.077814457325018,4.386374457783176,9.023770596622281,16.60313901964284,2.779542290753954,1.4575297958774063,6.721065929002136,3.6442768946782578,1.9714023690091047,1.4197927939448398,7.392637633198421,8.13014864592838,0.9165274381025758,7.315468591871578,4.024799276384666,0.28534326647594577,1.2471274751456252,7.687911425922351,7.7758886115860415,0.2098160228453767,3.2376876395435312,7.76230806503221,1.765276289091854,2.723156480511357
120,11.945772916598402,4.009733417898929,2.5139872849781493,2.0822373014252458,3.5397600682402595,4.3118957595830025,3.5472544398463617,1.878157585468673,6.119558007551897,2.004720773651595,3.1108882372274476,0.0,3.2077496509374828,3.3992144352629974,2.7406867252616904,3.033228747286504,3.203601591356581,5.206648037460185,2.0695512170138786,5.8604203337038285,7.401669729220172,1.4511616980396445,1.597475271807615,1.365715159635798,13.4529063672848,4.52397077446032,3.683063075090787,3.8482302681248246,1.0809217174564363,0.9675298840617391,1.9305795143874636,1.0709181892558297,4.083257607029442,0.0,2.032818465792013,1.05099618583843,5.029110632003676,0.505401501564077,0.9990363985945149,4.383548849120592,1.027315360826325,2.5760068037144435,2.8024793826367795,5.849425036367733,1.0106196273805417,3.8750860850908997,5.083206401093767,4.194399132518545,3.9370002422453716,2.6868121862380705,5.021578436689568,1.8027842178693345,2.3492100287251994,7.622951108948915,0.0,12.599305744602615,1.04439803630897,12.85432816749715,2.021697356580527,0.0,1.995091312547068,4.582484418724084,7.3492245397556,3.23326198009817,4.045081302914545,4.573897420828744,2.949207795382377,8.446519642245985,1.6490935261813304,1.1348469392699054,3.998788699688061,4.539943648351226,1.9693065681509518,3.594166377419348,1.9172623841595642,4.418404589790207,1.6136063356597408,1.5548188655458501,0.2100112762685568,0.33212430749316585,1.4854864285036191,6.104029052891626,13.49234113021021,1.1243896004712017,1.6534280340555956,3.634621263231316,0.6482809030982024,4.252503794139876,2.4139970466861977,4.29660314971328,5.027763356128657,3.970962976154559,4.436462464663052,1.0985189906909592,3.0048634126332017,2.5797715237626906,4.593602103085236,4.818885693779691,3.055783895322273,1.6647772268381074,4.6551732192446025,1.3767209786351187,3.9048674523491615
138,10.057171240531781,6.928801677073456,5.692548627241445,1.267551226684562,6.747219062803292,7.155375400090409,6.754999527101811,5.084370391638919,3.1817157202442505,5.09604947961668,5.876386617834342,3.2077496509374828,0.0,0.5047444991283375,5.589178462988371,1.861618534798304,0.5729349803914887,4.0256353031049805,5.273562785184363,3.000004319834565,4.63902954726962,4.614652713415569,1.6138226084813163,4.417285008204242,11.197826591912548,3.0048543285481513,1.2583334079453263,6.916768359184698,2.6965917681380844,3.8996265990150016,5.106158861805806,4.25735074005428,1.0627589037391778,3.2077496509374828,5.205590076119313,2.6488290105595165,1.9738580804815886,3.2086569828590332,3.9147713546635634,7.579807575029799,2.4421085079139186,2.8206210563687435,1.1186388880957434,3.054730019713371,3.372576092071561,6.68120338962387,2.3617599373125717,2.6698432505033325,6.744535447111287,5.611391773595452,3.364387723408541,1.8697764313786733,5.483112834729063,4.944305050554702,3.2077496509374828,10.274864813155997,3.663450097420418,10.690304180153603,1.4357958630458487,3.2077496509374828,5.175683603254525,1.8837447731756403,4.768277530426653,6.368806543973482,7.222789397225353,1.9482226728510075,6.113438451113615,5.942973555114093,4.632404429118324,2.690734523632971,7.197229610044157,1.5115687830025817,1.239024365600285,6.438458021050248,4.974324192407146,4.420294944028597,2.0752589917885524,2.9967406053908108,3.3228096255601236,3.0326947758272613,1.7367261044930349,3.2231314114244034,11.387129620811045,4.284127192342954,4.561790913672055,2.005228607219416,3.1719828826957026,7.374125078359888,5.560912484986269,2.527445018724937,3.171967373056424,6.792783352422589,1.5423208175312237,2.113656569055226,5.673919786686867,5.6992653750565525,2.718440727560669,2.110608542364893,5.8977031521541115,4.65942206413673,2.985753907464135,4.416826815806938,7.112465005980242
177,9.56184505535356,7.239808541345908,5.82734468535565,1.336023918002821,6.916753035503154,7.483554242011534,6.928510158760763,5.254981675647852,2.803707228558082,5.349596702411346,6.20901086762007,3.3992144352629974,0.5047444991283375,0.0,5.904133296727403,1.514410819198127,0.23130597532915867,3.5454839881989306,5.438053369939235,2.592902548266007,4.221276989290506,4.837933061715434,1.8150791136762776,4.519661875562672,10.727848127589567,2.5200641269086947,0.7583159515699327,7.187427907662449,2.7394546931497423,3.994445384102358,5.324846477728051,4.41401748833611,0.6904075449737992,3.3992144352629974,5.3410824408304585,2.701804360972684,1.6420045013847329,3.3263993065442943,4.187216854147913,7.781893305138868,2.5289984218923385,2.5894946899117985,0.8755875871291475,2.6295252581765522,3.6893930109929736,7.013501072990426,1.9072644600874151,2.19401425053298,7.077011778309191,5.911568260580186,2.866245965760934,1.8467876540997459,5.594492130089254,4.510839448231356,3.3992144352629974,9.810095009110464,3.9673849870262745,10.211978908332418,1.453836985777262,3.3992144352629974,5.391339517351781,1.4129250553230026,4.316655029205179,6.611750628247366,7.442683993417125,1.4664305053976658,6.2349384026041506,5.486780153424581,4.71033356073269,2.723588253488384,7.343452203711989,1.154877243590645,1.4861244747175812,6.761815631479756,5.2367921994124025,4.0435230086828735,2.070203728305108,2.94605847968437,3.4884595798135307,3.265905739057689,1.9157376254157927,2.825296701537918,10.905435369203039,4.42635283604275,4.851195242702871,1.553554901474618,3.268100048032842,7.62579830916051,5.796056991614042,2.0361301513709087,2.6688082595538063,7.122918125527175,1.1161526681885905,2.3045214249721098,6.019587593089436,5.946593738014901,2.2181343208831383,1.6476654417607346,6.216991487798166,4.739517413283977,2.491707568815311,4.6766453890057225,7.282349444271054
179,14.668518891082412,1.3398041970475645,2.3053058438288905,4.690192305531121,2.3340158524730814,1.5888774149933877,2.294223105460355,1.875935380816084,8.701618071208193,0.9625898167010914,0.4000245307750406,2.7406867252616904,5.589178462988371,5.904133296727403,0.0,5.767057828890398,5.744255001308076,7.917433555812885,1.9271408070861618,8.469435535220692,10.057852368086268,1.5164711696286082,4.124888108223197,2.6820946578603855,16.193590620674463,7.2641677715321915,6.322055273149443,1.4754021639119537,3.8025779676411475,2.910625902909017,1.3424886858439555,2.2707378626281063,6.59146013937291,2.7406867252616904,2.248444309673479,3.781570074059557,7.539595201624269,3.1162584336522277,1.769242162859745,2.5989307575621505,3.7652794423198843,5.258551118489823,5.457847339097793,8.479488442355974,2.2178949531188583,1.136462669811164,7.719161172233189,6.934986292754946,1.1990498688961133,0.21293845949185683,7.761886605301523,4.525462818060697,2.5328844595474225,10.302277668202716,2.7406867252616904,15.33877098494705,1.9373151764141017,15.593789819582108,4.6778618031755625,2.7406867252616904,1.358704087518219,7.2103046920057645,10.046273718757416,1.2843662729946523,2.146064756111934,7.217960184616897,2.5811676360251425,11.162353251643372,2.86723036527538,3.8540310262059245,2.877645877072919,7.0568042131024855,4.419649093196068,0.8640998906771126,0.9400701799963379,6.949739543107143,4.348343802999246,4.178579786978702,2.7794740576011137,2.727250667289303,4.055330571167305,8.708804595942535,16.228878106993978,2.3795215143017305,1.0915884741219388,6.364263096243089,3.2586335062503706,2.0170329619226774,1.081144990387075,7.03240400987692,7.766873155420745,1.236720966357872,7.004074338825583,3.6865212895399613,0.4771825729601422,0.9374198627191515,7.3285439434959265,7.4514613637827445,0.3176043607821355,2.8439108756666203,7.395745088070897,1.3798981159639474,2.565915188987733
199,9.014013245506744,7.042073291909482,5.105911330414148,1.3388472117942731,6.2597111926337075,7.344382899565856,6.28295712282032,4.665734770371983,3.365565615230269,5.020956641914959,6.126957285909476,3.033228747286504,1.861618534798304,1.514410819198127,5.767057828890398,0.0,1.3238576623251563,2.440395053593867,4.821074035272179,3.060191925990704,4.463323939190792,4.438781916882927,1.8765156906223595,3.7739113792209245,10.438868444797933,1.557195114669581,1.090271202971044,6.846307162179578,2.035458263948788,3.2683135392563445,4.88241361008726,3.8357274048011036,1.851104939862941,3.033228747286504,4.643146666812586,2.035911734306082,2.5604727287721247,2.743573314530598,4.001625397321952,7.201099743769724,2.0060296461670326,1.1854243498876267,0.7731293989467405,3.001751186475571,3.7080067379980455,6.903323014303792,2.264964579370368,1.2015747696907877,6.9656690802248145,5.719706242291136,2.0411670311597243,1.2461808420023317,4.816300288774739,4.64548807620963,3.033228747286504,9.574423591193506,3.9120319777152788,9.85482221507036,1.2309011934199676,3.033228747286504,4.9356971260234985,1.8374766316507023,4.34802826064067,6.194531503460851,6.926043651668805,1.777677243549347,5.460850140779249,5.4210924094934905,3.8838581406161325,1.9934278990497236,6.607365102532679,2.1488567622666173,1.8287457979081545,6.624945536126916,4.944551761317769,2.559277166895516,1.41981763018101,1.9370486946467755,3.0298717283679353,3.052515678580362,1.8713834485551861,3.3008482394265415,10.507724248334094,3.8036624846520577,4.6756842893991575,0.6055400435187728,2.629034459450046,7.208306744484423,5.384503693164981,1.2656876289565884,2.0062490214140705,7.001159482413951,1.9111064412264693,2.158443370348975,5.99603500937633,5.568980179105287,1.56148612589259,2.0327410626817715,6.083662376899422,3.9172758408726716,1.6538578777750537,4.409901620846299,6.616430574627868
207,9.59063557708904,7.0767945053394055,5.614836041196177,1.1279447570841115,6.710575966084278,7.327607168277364,6.723213627697304,5.050510857199598,2.957422740105588,5.167830725246138,6.056397657543052,3.203601591356581,0.5729349803914887,0.23130597532915867,5.744255001308076,1.3238576623251563,0.0,3.4575375753948605,5.231999085096977,2.7306031582256822,4.3453018950381965,4.6476851693572465,1.6334891828450198,4.302693307199639,10.797611441777683,2.4405281775202177,0.7331789174480629,7.009316592429789,2.516820934805255,3.776936046405688,5.132537150957958,4.20759682823015,0.8807809901575271,3.203601591356581,5.129136324201994,2.480634216649539,1.8260175221360044,3.1142382941977074,4.014238292425625,7.582927251525929,2.3137798259517637,2.369886683424117,0.6492000673498423,2.754299076262242,3.5354149414918465,6.859825005007534,2.012456753277549,2.101070074666827,6.923352901528226,5.7456893648745435,2.815385024565033,1.6195912028680126,5.377995188884107,4.622252498278052,3.203601591356581,9.886359086445612,3.8070549248136882,10.271000065374688,1.2344642044578447,3.203601591356581,5.198091148979041,1.5065109246850523,4.41243558540153,6.425127483137526,7.248665848872024,1.5431829709100906,6.019718591074801,5.575826846047967,4.489444952206585,2.499740665732018,7.13216671665709,1.336732413025203,1.3267715234253172,6.604461488832654,5.058163736162431,3.872060764937406,1.8439686275254459,2.7153686099037966,3.286093546016457,3.0828655232599624,1.7261868457638219,2.967537256568396,10.959253892674766,4.216855272581413,4.68291568425747,1.4323427722543018,3.052167773009906,7.441074379906254,5.607930049422748,1.970245589321369,2.6390455529863095,6.968167595727354,1.259828853401324,2.1144651861072785,5.873292918801221,5.762036367271518,2.1764645960969804,1.7470112726968128,6.058525376704826,4.51890753258233,2.430749716032998,4.4981393968095995,7.076023196408109
232,6.753405104125446,9.106167371804602,6.753080432527618,3.779050250629306,7.905198702918034,9.444151166450467,7.9411476812308575,6.5007314554265,3.422508343400763,7.067055811924599,8.300918054853291,5.206648037460185,4.0256353031049805,3.5454839881989306,7.917433555812885,2.440395053593867,3.4575375753948605,0.0,6.6137594849525385,3.116539868430233,3.647585440944661,6.466055795680455,4.302471471084376,5.530141509145528,8.384030032515101,1.0283427268270104,2.799159034025251,8.797188948396215,4.126773054371872,5.115725905991484,6.841986343838434,5.759632432160074,3.4244003003175316,5.206648037460185,6.360016966016035,4.1558980990813765,3.483945696220154,4.8012142013999695,6.205670371784002,8.889831642698832,4.224758508429731,2.663308933848592,3.137249694126002,2.948335381987427,6.027418125344114,9.035736413279844,2.678275963976764,1.3565180335943143,9.09555750285162,7.83434702220546,0.847473842524647,3.5805815095108238,6.416731696057795,3.612577695531209,5.206648037460185,7.595183525670832,6.189372483717056,7.744870274694541,3.661787406934825,5.206648037460185,6.879825673132845,2.7068243678814916,3.2234525540999073,8.102894651185888,8.699698420993553,2.582421668698339,7.010148816059312,3.9322760489496336,5.526622226157809,4.073549817646104,8.129844996692398,3.3825834006753475,4.268167809231228,8.746758932086552,7.02283689414294,1.7047197034637187,3.689930752881064,3.752373381457586,5.142272236321805,5.309195983014068,4.281294974313967,3.2555606617720607,8.348694382914124,5.688173060364696,6.8483162270310025,2.0441476894296575,4.659126799270371,9.073306148689298,7.340328058429771,1.5233270351660495,1.1613514112484153,9.122752126949823,3.1014090532119796,4.520388282335555,8.209667538693886,7.544546476423989,1.427629338035511,2.675936056672971,8.225350405000176,5.561128006956315,1.102093735226053,6.537660750701348,8.230475237848351
237,13.32400629657575,2.67050905412011,0.5297974962266156,4.104181615679517,1.4787111313848222,3.054831512835146,1.4915188243684614,0.19821883163336076,8.085144571491773,1.0346085607355486,2.2956324455287866,2.0695512170138786,5.273562785184363,5.438053369939235,1.9271408070861618,4.821074035272179,5.231999085096977,6.6137594849525385,0.0,7.807278858800707,9.281371447388798,0.8944891771973863,3.6600583947560392,1.0858219027430365,14.99567016421233,6.145650300086254,5.637538162181252,2.2225117073386063,2.805293690815286,1.5561207250886895,0.6293488388918649,1.0244174787676217,6.112074162790822,2.0695512170138786,0.33023262495132116,2.819389798141118,7.0465995880424765,2.130350477105253,1.712070038349943,2.3824315698682432,2.934411667116434,3.9998543212750173,4.7641350343865225,7.7765554172203215,2.363444247470317,2.7641024767985414,7.014775045530197,5.8630569661119445,2.8101551649909218,1.7352245762541099,6.633258953147405,3.7025264653843295,0.6233316064863211,9.46571643917212,2.0695512170138786,14.190077067614572,2.0924674235904317,14.35847562105851,4.011242351347026,2.0695512170138786,0.586615928316867,6.530128778645249,9.161034904649934,1.5143676331039824,2.1135928097099006,6.505245085904733,0.9652766525272228,10.199061267453523,1.118342584864821,2.840855179083575,1.9305975797368982,6.559862327132691,4.036918580778358,2.4828967311945926,1.1489967552864913,5.394502606745448,3.4817913817754884,2.939034562681784,1.953250601800832,2.2922498400361913,3.541099918293212,8.051820210255542,14.955583808960679,1.0264583459405352,1.5382269113858476,5.4209497498979475,2.2172703143985713,2.4595616652158547,0.9008360389429054,6.027253155661892,6.707283195473602,2.8127335172564645,6.431783913795095,3.1600082003606085,2.3965896703572604,1.107959353492826,6.322433456271648,6.758023992591827,2.118958476976986,1.0860876615722805,6.31141424754947,1.308806658591448,1.844296125214889
247,7.374864123551525,9.79785993322227,8.131104025807762,3.7938150785597515,9.270604306332823,10.055074816447823,9.28989809686318,7.638813921021705,0.3300039088211143,7.855969798233384,8.785904203635758,5.8604203337038285,3.000004319834565,2.592902548266007,8.469435535220692,3.060191925990704,2.7306031582256822,3.116539868430233,7.807278858800707,0.0,1.6401538736082633,7.311171847658218,4.346056339849342,6.795414746629381,8.292432557688935,2.4448362863824284,2.1786285881214282,9.702115185506559,5.004265605862596,6.276921500793298,7.78466880660006,6.793944461881467,1.9375259338056943,5.8604203337038285,7.657688013855717,4.988037374808145,1.1075309852900237,5.681911441094777,6.725649121392796,10.187035725190096,4.8851708611252675,4.166700540198403,3.0596091601856124,0.18415164914175763,6.265223128970314,9.588705691825007,0.7975514263026275,2.4536277146181837,9.652227940453125,8.464349115133675,2.2979531934500406,4.106312333916714,7.854893946252947,1.9627798983479932,5.8604203337038285,7.350685807319667,6.53353247015009,7.8330072102604404,3.8387694782279054,5.8604203337038285,7.845785254000029,1.2796860854819232,1.848173843810801,9.093039229369271,9.88163151401821,1.3031115599656842,8.501712860271594,3.016807031540254,6.927213307043924,4.971385961474811,9.643549030451123,1.497819075820316,4.057062594730808,9.331200502504768,7.754791453806662,4.548086562239952,4.3256022662667055,4.991781343624126,5.9114460205323605,5.779019221445559,4.423536290629604,0.24456334292207307,8.549007099036197,6.780866831911363,7.399883678192203,2.521409697658629,5.590015496836446,10.1125534511339,8.273789521943588,2.166337904499047,1.9880937986502316,9.696464136011231,1.4768661179514602,4.804328744595858,8.60388997841946,8.439528050410656,1.9805510721636639,1.0492793775500473,8.784677594163844,6.959977936262781,2.245538703934122,7.197051881157002,9.631989072527698
270,5.9896519558478705,11.377545482828893,9.567427797727248,5.367972166547294,10.722873324482824,11.64629073460168,10.746271866903186,9.122285112741672,1.5125784888271863,9.405871921649409,10.38417279732591,7.401669729220172,4.63902954726962,4.221276989290506,10.057852368086268,4.463323939190792,4.3453018950381965,3.647585440944661,9.281371447388798,1.6401538736082633,0.0,8.84525972892529,5.935133444434071,8.23696607115242,6.714227621831636,3.4025982507062276,3.7360999622420583,11.249768852684568,6.481557236153975,7.731030919108035,9.30786439533813,8.285108787920242,3.5762738492326425,7.401669729220172,9.106403099420604,6.473754742373939,2.7248873311572814,7.179129254606817,8.300852141238497,11.662928893146537,6.399461087970875,5.447639133203329,4.607371522779026,1.5920873846331065,7.867670205243633,11.184156566776904,2.3406364655303427,3.564724041506699,11.247604987597805,10.042920508642442,3.041138031718314,5.613024737525002,9.272517102806473,0.398452932290872,7.401669729220172,5.761633842117765,8.127795930145972,6.295621413034497,5.391389378846813,7.401669729220172,9.365525457415735,2.8504309710501277,0.6058704477857338,10.621312410003673,11.3797673266369,2.8399523995252838,9.914255511277355,1.4990542205129043,8.338768688011724,6.443370516178277,11.062430874894062,3.1375411509802977,5.665923936876608,10.921521586248717,9.312359235019104,5.317665308970372,5.822363084802529,6.388185879695348,7.434481343865979,7.346191791435155,6.002606115256335,1.4282663799758772,7.0218742324764465,8.259937391241625,8.978870930567787,3.8712167768301273,7.075015954941117,11.639978379877107,9.804194444637963,3.331903418568933,2.815983986554253,11.290134187227148,3.106902649215997,6.375275608585802,10.210396936504655,9.97822711725271,3.0608971923676997,2.608551624301494,10.374471537745693,8.372597369661369,3.1966881413782233,8.758897479473742,11.079009897841692
